备份日期：1023,1,1,2,2,2
1015,q,1,1,1,1
1011,d,1,2,1,1
1004,3,3,3,3,3
1087,w,2,3,2,2
1005,d,3,2,3,1
1006,d,3,2,4,1
1001,张三,3,3,3,3
1002,力斯,34,4,2,2
1008,ed,3,3,3,3

备份日期：
1023,1,1,2,2,2
1015,q,1,1,1,1
1011,d,1,2,1,1
1004,3,3,3,3,3
1087,w,2,3,2,2
1006,d,3,2,4,1
1008,ed,3,3,3,3
1088,s,4,4,4,4

备份日期：
1023,1,1,2,2,2
1015,q,1,1,1,1
1011,d,1,2,1,1
1004,3,3,3,3,3
1087,w,2,3,2,2
1006,d,3,2,4,1
1008,ed,3,3,3,3
1088,s,4,4,4,4

备份日期：
1023,1,1,2,2,2
1015,q,1,1,1,1
1011,d,1,2,1,1
1004,3,3,3,3,3
1087,w,2,3,2,2
1006,d,3,2,4,1
1008,ed,3,3,3,3
1088,s,4,4,4,4

备份日期：
1023,1,1,2,2,2
1015,q,1,1,1,1
1011,d,1,2,1,1
1004,3,3,3,3,3
1087,w,2,3,2,2
1006,d,3,2,4,1
1008,ed,3,3,3,3
1088,s,4,4,4,4
1001,e,3,4,5,3

备份日期：
1023,1,1,2,2,2
1015,q,1,1,1,1
1011,d,1,2,1,1
1004,3,3,3,3,3
1087,w,2,3,2,2
1006,d,3,2,4,1
1008,ed,3,3,3,3
1088,s,4,4,4,4
1001,e,3,4,5,3

备份日期：
1023,1,1,2,2,2
1015,q,1,1,1,1
1011,d,1,2,1,1
1004,3,3,3,3,3
1087,w,2,3,2,2
1006,d,3,2,4,1
1008,ed,3,3,3,3
1088,s,4,4,4,4
1001,e,3,4,5,3
1002,w,2,2,2,2

备份日期：
1023,1,1,2,2,2
1015,q,1,1,1,1
1011,d,1,2,1,1
1004,3,3,3,3,3
1087,w,2,3,2,2
1006,d,3,2,4,1
1008,ed,3,3,3,3
1088,s,4,4,4,4
1001,e,3,4,5,3
1002,w,2,2,2,2
1003,w,2,3,4,5

备份日期：
1023,1,1,2,2,2
1015,q,1,1,1,1
1011,d,1,2,1,1
1004,3,3,3,3,3
1087,w,2,3,2,2
1006,d,3,2,4,1
1008,ed,3,3,3,3
1088,s,4,4,4,4
1002,w,2,2,2,2
1003,w,2,3,4,5
1001,r,1,1,1,1
